           0 	            0 	          100
           0 	 0.0487804878 	            0
           0 	 0.09756097561 	            0
           0 	 0.1463414634 	            0
           0 	 0.1951219512 	            0
           0 	  0.243902439 	            0
           0 	 0.2926829268 	            0
           0 	 0.3414634146 	            0
           0 	 0.3902439024 	            0
           0 	 0.4390243902 	            0
           0 	  0.487804878 	            0
           0 	 0.5365853659 	            0
           0 	 0.5853658537 	            0
           0 	 0.6341463415 	            0
           0 	 0.6829268293 	            0
           0 	 0.7317073171 	            0
           0 	 0.7804878049 	            0
           0 	 0.8292682927 	            0
           0 	 0.8780487805 	            0
           0 	 0.9268292683 	            0
           0 	 0.9756097561 	            0
           0 	  1.024390244 	            0
           0 	  1.073170732 	            0
           0 	   1.12195122 	            0
           0 	  1.170731707 	            0
           0 	  1.219512195 	            0
           0 	  1.268292683 	            0
           0 	  1.317073171 	            0
           0 	  1.365853659 	            0
           0 	  1.414634146 	            0
           0 	  1.463414634 	            0
           0 	  1.512195122 	            0
           0 	   1.56097561 	            0
           0 	  1.609756098 	            0
           0 	  1.658536585 	            0
           0 	  1.707317073 	            0
           0 	  1.756097561 	            0
           0 	  1.804878049 	            0
           0 	  1.853658537 	            0
           0 	  1.902439024 	            0
           0 	  1.951219512 	            0
           0 	            2 	            0
0.04761904762 	            0 	          100
0.04761904762 	 0.0487804878 	  49.76189711
0.04761904762 	 0.09756097561 	  29.76228478
0.04761904762 	 0.1463414634 	  20.23947233
0.04761904762 	 0.1951219512 	  14.93367978
0.04761904762 	  0.243902439 	  11.59367324
0.04761904762 	 0.2926829268 	  9.296541162
0.04761904762 	 0.3414634146 	   7.61453435
0.04761904762 	 0.3902439024 	  6.327099538
0.04761904762 	 0.4390243902 	  5.309962613
0.04761904762 	  0.487804878 	  4.487790904
0.04761904762 	 0.5365853659 	  3.812061009
0.04761904762 	 0.5853658537 	  3.249876182
0.04761904762 	 0.6341463415 	  2.777939114
0.04761904762 	 0.6829268293 	  2.379124358
0.04761904762 	 0.7317073171 	  2.040439047
0.04761904762 	 0.7804878049 	  1.751761251
0.04761904762 	 0.8292682927 	  1.505031674
0.04761904762 	 0.8780487805 	  1.293718784
0.04761904762 	 0.9268292683 	  1.112453835
0.04761904762 	 0.9756097561 	  0.956774367
0.04761904762 	  1.024390244 	  0.822938732
0.04761904762 	  1.073170732 	 0.7077883263
0.04761904762 	   1.12195122 	  0.608642653
0.04761904762 	  1.170731707 	 0.5232175627
0.04761904762 	  1.219512195 	 0.4495602685
0.04761904762 	  1.268292683 	 0.3859967974
0.04761904762 	  1.317073171 	 0.3310888834
0.04761904762 	  1.365853659 	 0.2835981764
0.04761904762 	  1.414634146 	 0.2424562308
0.04761904762 	  1.463414634 	 0.2067391302
0.04761904762 	  1.512195122 	  0.175645881
0.04761904762 	   1.56097561 	 0.1484798971
0.04761904762 	  1.609756098 	 0.1246330404
0.04761904762 	  1.658536585 	 0.1035717784
0.04761904762 	  1.707317073 	 0.08482510124
0.04761904762 	  1.756097561 	 0.06797389377
0.04761904762 	  1.804878049 	 0.05264150479
0.04761904762 	  1.853658537 	 0.03848528902
0.04761904762 	  1.902439024 	 0.02518892429
0.04761904762 	  1.951219512 	 0.01245532644
0.04761904762 	            2 	            0
0.09523809524 	            0 	          100
0.09523809524 	 0.0487804878 	  69.28530365
0.09523809524 	 0.09756097561 	  49.04776969
0.09523809524 	 0.1463414634 	  36.26192475
0.09523809524 	 0.1951219512 	  27.90157355
0.09523809524 	  0.243902439 	  22.14447201
0.09523809524 	 0.2926829268 	  17.97795706
0.09523809524 	 0.3414634146 	   14.8344967
0.09523809524 	 0.3902439024 	  12.38390119
0.09523809524 	 0.4390243902 	  10.42496001
0.09523809524 	  0.487804878 	  8.829139994
0.09523809524 	 0.5365853659 	   7.51057695
0.09523809524 	 0.5853658537 	  6.409504606
0.09523809524 	 0.6341463415 	  5.482755917
0.09523809524 	 0.6829268293 	  4.698119272
0.09523809524 	 0.7317073171 	  4.030870579
0.09523809524 	 0.7804878049 	  3.461574282
0.09523809524 	 0.8292682927 	  2.974646663
0.09523809524 	 0.8780487805 	  2.557389627
0.09523809524 	 0.9268292683 	   2.19932219
0.09523809524 	 0.9756097561 	    1.8917049
0.09523809524 	  1.024390244 	  1.627192235
0.09523809524 	  1.073170732 	   1.39957192
0.09523809524 	   1.12195122 	  1.203564723
0.09523809524 	  1.170731707 	   1.03466733
0.09523809524 	  1.219512195 	 0.8890267137
0.09523809524 	  1.268292683 	 0.7633380376
0.09523809524 	  1.317073171 	 0.6547605597
0.09523809524 	  1.365853659 	 0.5608475915
0.09523809524 	  1.414634146 	 0.4794876165
0.09523809524 	  1.463414634 	  0.408854409
0.09523809524 	  1.512195122 	 0.3473644965
0.09523809524 	   1.56097561 	 0.2936406672
0.09523809524 	  1.609756098 	 0.2464804862
0.09523809524 	  1.658536585 	  0.204828972
0.09523809524 	  1.707317073 	 0.1677547328
0.09523809524 	  1.756097561 	 0.1344289691
0.09523809524 	  1.804878049 	 0.1041068364
0.09523809524 	  1.853658537 	  0.076110727
0.09523809524 	  1.902439024 	 0.0498150817
0.09523809524 	  1.951219512 	 0.02463238146
0.09523809524 	            2 	            0
0.1428571429 	            0 	          100
0.1428571429 	 0.0487804878 	  78.33154781
0.1428571429 	 0.09756097561 	  60.88156559
0.1428571429 	 0.1463414634 	  47.85888343
0.1428571429 	 0.1951219512 	  38.26621765
0.1428571429 	  0.243902439 	  31.10468421
0.1428571429 	 0.2926829268 	  25.63631836
0.1428571429 	 0.3414634146 	  21.36159421
0.1428571429 	 0.3902439024 	   17.9490485
0.1428571429 	 0.4390243902 	  15.17683625
0.1428571429 	  0.487804878 	  12.89323211
0.1428571429 	 0.5365853659 	  10.99160219
0.1428571429 	 0.5853658537 	  9.394809374
0.1428571429 	 0.6341463415 	  8.045460676
0.1428571429 	 0.6829268293 	  6.899726232
0.1428571429 	 0.7317073171 	  5.923349716
0.1428571429 	 0.7804878049 	  5.089018634
0.1428571429 	 0.8292682927 	  4.374591068
0.1428571429 	 0.8780487805 	   3.76187087
0.1428571429 	 0.9268292683 	  3.235740399
0.1428571429 	 0.9756097561 	   2.78353081
0.1428571429 	  1.024390244 	  2.394553385
0.1428571429 	  1.073170732 	  2.059742398
0.1428571429 	   1.12195122 	  1.771376988
0.1428571429 	  1.170731707 	  1.522860319
0.1428571429 	  1.219512195 	  1.308541219
0.1428571429 	  1.268292683 	   1.12356808
0.1428571429 	  1.317073171 	 0.9637677264
0.1428571429 	  1.365853659 	 0.8255440134
0.1428571429 	  1.414634146 	 0.7057922347
0.1428571429 	  1.463414634 	  0.601826393
0.1428571429 	  1.512195122 	 0.5113170288
0.1428571429 	   1.56097561 	  0.432237789
0.1428571429 	  1.609756098 	  0.362819265
0.1428571429 	  1.658536585 	 0.3015088905
0.1428571429 	  1.707317073 	 0.2469358888
0.1428571429 	  1.756097561 	 0.1978804133
0.1428571429 	  1.804878049 	 0.1532461446
0.1428571429 	  1.853658537 	 0.1120357009
0.1428571429 	  1.902439024 	 0.07332829406
0.1428571429 	  1.951219512 	 0.0362591177
0.1428571429 	            2 	            0
0.1904761905 	            0 	          100
0.1904761905 	 0.0487804878 	  83.15932199
0.1904761905 	 0.09756097561 	  68.28806142
0.1904761905 	 0.1463414634 	  56.02582574
0.1904761905 	 0.1951219512 	   46.1997294
0.1904761905 	  0.243902439 	  38.37172882
0.1904761905 	 0.2926829268 	  32.10103796
0.1904761905 	 0.3414634146 	  27.02651328
0.1904761905 	 0.3902439024 	  22.87386234
0.1904761905 	 0.4390243902 	   19.4401044
0.1904761905 	  0.487804878 	     16.57535
0.1904761905 	 0.5365853659 	  14.16779033
0.1904761905 	 0.5853658537 	  12.13267002
0.1904761905 	 0.6341463415 	  10.40455118
0.1904761905 	 0.6829268293 	  8.931975265
0.1904761905 	 0.7317073171 	  7.673783419
0.1904761905 	 0.7804878049 	  6.596559471
0.1904761905 	 0.8292682927 	  5.672828107
0.1904761905 	 0.8780487805 	  4.879762386
0.1904761905 	 0.9268292683 	  4.198237724
0.1904761905 	 0.9756097561 	  3.612124556
0.1904761905 	  1.024390244 	  3.107748099
0.1904761905 	  1.073170732 	  2.673467297
0.1904761905 	   1.12195122 	  2.299340514
0.1904761905 	  1.170731707 	  1.976855739
0.1904761905 	  1.219512195 	  1.698709764
0.1904761905 	  1.268292683 	  1.458625336
0.1904761905 	  1.317073171 	  1.251198253
0.1904761905 	  1.365853659 	  1.071768501
0.1904761905 	  1.414634146 	 0.9163109158
0.1904761905 	  1.463414634 	 0.7813418995
0.1904761905 	  1.512195122 	 0.6638394366
0.1904761905 	   1.56097561 	 0.5611741949
0.1904761905 	  1.609756098 	 0.4710498944
0.1904761905 	  1.658536585 	 0.3914514363
0.1904761905 	  1.707317073 	 0.3205995187
0.1904761905 	  1.756097561 	 0.2569106509
0.1904761905 	  1.804878049 	 0.1989616277
0.1904761905 	  1.853658537 	  0.145457638
0.1904761905 	  1.902439024 	 0.09520327593
0.1904761905 	  1.951219512 	 0.04707579529
0.1904761905 	            2 	            0
0.2380952381 	            0 	          100
0.2380952381 	 0.0487804878 	  86.01767872
0.2380952381 	 0.09756097561 	  73.08553237
0.2380952381 	 0.1463414634 	   61.7566287
0.2380952381 	 0.1951219512 	  52.13514539
0.2380952381 	  0.243902439 	  44.08146372
0.2380952381 	 0.2926829268 	  37.36959136
0.2380952381 	 0.3414634146 	  31.76955861
0.2380952381 	 0.3902439024 	  27.07978318
0.2380952381 	 0.4390243902 	  23.13436899
0.2380952381 	  0.487804878 	  19.80027316
0.2380952381 	 0.5365853659 	  16.97153912
0.2380952381 	 0.5853658537 	   14.5635292
0.2380952381 	 0.6341463415 	  12.50809876
0.2380952381 	 0.6829268293 	  10.74984023
0.2380952381 	 0.7317073171 	  9.243249224
0.2380952381 	 0.7804878049 	  7.950607725
0.2380952381 	 0.8292682927 	  6.840399501
0.2380952381 	 0.8780487805 	  5.886112842
0.2380952381 	 0.9268292683 	  5.065323556
0.2380952381 	 0.9756097561 	  4.358981591
0.2380952381 	  1.024390244 	  3.750847158
0.2380952381 	  1.073170732 	  3.227038176
0.2380952381 	   1.12195122 	  2.775662033
0.2380952381 	  1.170731707 	  2.386512358
0.2380952381 	  1.219512195 	  2.050816763
0.2380952381 	  1.268292683 	  1.761025246
0.2380952381 	  1.317073171 	  1.510631448
0.2380952381 	  1.365853659 	  1.294020822
0.2380952381 	  1.414634146 	  1.106341028
0.2380952381 	  1.463414634 	 0.9433908525
0.2380952381 	  1.512195122 	 0.8015246234
0.2380952381 	   1.56097561 	 0.6775696597
0.2380952381 	  1.609756098 	 0.5687546813
0.2380952381 	  1.658536585 	 0.4726474417
0.2380952381 	  1.707317073 	 0.3871000986
0.2380952381 	  1.756097561 	 0.3102010438
0.2380952381 	  1.804878049 	 0.2402320775
0.2380952381 	  1.853658537 	 0.1756299474
0.2380952381 	  1.902439024 	 0.1149513764
0.2380952381 	  1.951219512 	 0.05684078751
0.2380952381 	            2 	            0
0.2857142857 	            0 	          100
0.2857142857 	 0.0487804878 	  87.82586052
0.2857142857 	 0.09756097561 	  76.27976063
0.2857142857 	 0.1463414634 	  65.78001132
0.2857142857 	 0.1951219512 	  56.50275973
0.2857142857 	  0.243902439 	  48.44938931
0.2857142857 	 0.2926829268 	  41.52630516
0.2857142857 	 0.3414634146 	  35.60234663
0.2857142857 	 0.3902439024 	  30.54134279
0.2857142857 	 0.4390243902 	  26.21731522
0.2857142857 	  0.487804878 	  22.51983454
0.2857142857 	 0.5365853659 	  19.35456377
0.2857142857 	 0.5853658537 	   16.6418089
0.2857142857 	 0.6341463415 	  14.31447444
0.2857142857 	 0.6829268293 	  12.31603766
0.2857142857 	 0.7317073171 	  10.59876552
0.2857142857 	 0.7804878049 	  9.122222704
0.2857142857 	 0.8292682927 	  7.852049329
0.2857142857 	 0.8780487805 	  6.758965927
0.2857142857 	 0.9268292683 	  5.817962066
0.2857142857 	 0.9756097561 	  5.007631094
0.2857142857 	  1.024390244 	  4.309620768
0.2857142857 	  1.073170732 	  3.708176214
0.2857142857 	   1.12195122 	  3.189757085
0.2857142857 	  1.170731707 	  2.742714896
0.2857142857 	  1.219512195 	  2.357019685
0.2857142857 	  1.268292683 	  2.024027437
0.2857142857 	  1.317073171 	  1.736281472
0.2857142857 	  1.365853659 	   1.48734231
0.2857142857 	  1.414634146 	  1.271641523
0.2857142857 	  1.463414634 	  1.084355859
0.2857142857 	  1.512195122 	 0.9212985446
0.2857142857 	   1.56097561 	 0.7788251392
0.2857142857 	  1.609756098 	 0.6537517295
0.2857142857 	  1.658536585 	 0.5432835506
0.2857142857 	  1.707317073 	 0.4449523904
0.2857142857 	  1.756097561 	 0.3565613481
0.2857142857 	  1.804878049 	  0.276135691
0.2857142857 	  1.853658537 	 0.2018786979
0.2857142857 	  1.902439024 	 0.1321314946
0.2857142857 	  1.951219512 	 0.06533597839
0.2857142857 	            2 	            0
0.3333333333 	            0 	          100
0.3333333333 	 0.0487804878 	  89.00600272
0.3333333333 	 0.09756097561 	  78.42763831
0.3333333333 	 0.1463414634 	  68.58089623
0.3333333333 	 0.1951219512 	  59.64649291
0.3333333333 	  0.243902439 	  51.68702864
0.3333333333 	 0.2926829268 	  44.68389332
0.3333333333 	 0.3414634146 	  38.57217996
0.3333333333 	 0.3902439024 	  33.26592614
0.3333333333 	 0.4390243902 	  28.67371456
0.3333333333 	  0.487804878 	    24.707186
0.3333333333 	 0.5365853659 	  21.28507253
0.3333333333 	 0.5853658537 	  18.33466819
0.3333333333 	 0.6341463415 	  15.79195244
0.3333333333 	 0.6829268293 	  13.60107045
0.3333333333 	 0.7317073171 	   11.7135525
0.3333333333 	 0.7804878049 	  10.08746824
0.3333333333 	 0.8292682927 	  8.686609186
0.3333333333 	 0.8780487805 	  7.479739471
0.3333333333 	 0.9268292683 	  6.439927686
0.3333333333 	 0.9756097561 	  5.543959952
0.3333333333 	  1.024390244 	  4.771828604
0.3333333333 	  1.073170732 	  4.106288829
0.3333333333 	   1.12195122 	  3.532475196
0.3333333333 	  1.170731707 	  3.037570455
0.3333333333 	  1.219512195 	  2.610519645
0.3333333333 	  1.268292683 	  2.241783346
0.3333333333 	  1.317073171 	  1.923124692
0.3333333333 	  1.365853659 	  1.647425423
0.3333333333 	  1.414634146 	  1.408526893
0.3333333333 	  1.463414634 	  1.201092517
0.3333333333 	  1.512195122 	  1.020488557
0.3333333333 	   1.56097561 	 0.8626806228
0.3333333333 	  1.609756098 	  0.724143547
0.3333333333 	  1.658536585 	 0.6017826408
0.3333333333 	  1.707317073 	 0.4928645641
0.3333333333 	  1.756097561 	 0.3949562672
0.3333333333 	  1.804878049 	 0.3058706406
0.3333333333 	  1.853658537 	 0.2236176586
0.3333333333 	  1.902439024 	 0.1463599256
0.3333333333 	  1.951219512 	 0.07237163148
0.3333333333 	            2 	            0
 0.380952381 	            0 	          100
 0.380952381 	 0.0487804878 	  89.77051207
 0.380952381 	 0.09756097561 	  79.84389365
 0.380952381 	 0.1463414634 	  70.46944237
 0.380952381 	 0.1951219512 	  61.81528703
 0.380952381 	  0.243902439 	  53.96833902
 0.380952381 	 0.2926829268 	  46.95005954
 0.380952381 	 0.3414634146 	  40.73655373
 0.380952381 	 0.3902439024 	  35.27646725
 0.380952381 	 0.4390243902 	  30.50443087
 0.380952381 	  0.487804878 	  26.35012238
 0.380952381 	 0.5365853659 	  22.74387215
 0.380952381 	 0.5853658537 	  19.61983889
 0.380952381 	 0.6341463415 	  16.91759669
 0.380952381 	 0.6829268293 	   14.5827392
 0.380952381 	 0.7317073171 	   12.5669058
 0.380952381 	 0.7804878049 	  10.82748856
 0.380952381 	 0.8292682927 	  9.327179703
 0.380952381 	 0.8780487805 	  8.033455085
 0.380952381 	 0.9268292683 	  6.918049256
 0.380952381 	 0.9756097561 	  5.956452423
 0.380952381 	  1.024390244 	  5.127444869
 0.380952381 	  1.073170732 	    4.4126753
 0.380952381 	   1.12195122 	  3.796284414
 0.380952381 	  1.170731707 	  3.264572085
 0.380952381 	  1.219512195 	  2.805705092
 0.380952381 	  1.268292683 	  2.409461608
 0.380952381 	  1.317073171 	  2.067008529
 0.380952381 	  1.365853659 	  1.770707795
 0.380952381 	  1.414634146 	  1.513948111
 0.380952381 	  1.463414634 	  1.290998757
 0.380952381 	  1.512195122 	  1.096882544
 0.380952381 	   1.56097561 	 0.9272652481
 0.380952381 	  1.609756098 	 0.7783591948
 0.380952381 	  1.658536585 	 0.6468389015
 0.380952381 	  1.707317073 	 0.5297669581
 0.380952381 	  1.756097561 	  0.424528516
 0.380952381 	  1.804878049 	 0.3287729455
 0.380952381 	  1.853658537 	 0.2403613704
 0.380952381 	  1.902439024 	 0.1573189178
 0.380952381 	  1.951219512 	 0.07779062192
 0.380952381 	            2 	            0
0.4285714286 	            0 	          100
0.4285714286 	 0.0487804878 	  90.23215191
0.4285714286 	 0.09756097561 	  80.70798185
0.4285714286 	 0.1463414634 	  71.63769257
0.4285714286 	 0.1951219512 	  63.17687382
0.4285714286 	  0.243902439 	  55.42098085
0.4285714286 	 0.2926829268 	  48.41145209
0.4285714286 	 0.3414634146 	   42.1475082
0.4285714286 	 0.3902439024 	  36.59895824
0.4285714286 	 0.4390243902 	  31.71741931
0.4285714286 	  0.487804878 	  27.44500048
0.4285714286 	 0.5365853659 	  23.72045482
0.4285714286 	 0.5853658537 	  20.48321852
0.4285714286 	 0.6341463415 	  17.67585622
0.4285714286 	 0.6829268293 	  15.24538385
0.4285714286 	 0.7317073171 	  13.14384293
0.4285714286 	 0.7804878049 	  11.32840052
0.4285714286 	 0.8292682927 	  9.761165977
0.4285714286 	 0.8780487805 	  8.408851909
0.4285714286 	 0.9268292683 	  7.242361831
0.4285714286 	 0.9756097561 	  6.236355615
0.4285714286 	  1.024390244 	  5.368823147
0.4285714286 	  1.073170732 	   4.62068309
0.4285714286 	   1.12195122 	  3.975415074
0.4285714286 	  1.170731707 	   3.41872838
0.4285714286 	  1.219512195 	  2.938267032
0.4285714286 	  1.268292683 	  2.523349466
0.4285714286 	  1.317073171 	  2.164740019
0.4285714286 	  1.365853659 	  1.854449119
0.4285714286 	  1.414634146 	  1.585558999
0.4285714286 	  1.463414634 	  1.352071857
0.4285714286 	  1.512195122 	  1.148777613
0.4285714286 	   1.56097561 	  0.971138631
0.4285714286 	  1.609756098 	 0.8151890827
0.4285714286 	  1.658536585 	 0.6774468124
0.4285714286 	  1.707317073 	 0.5548358507
0.4285714286 	  1.756097561 	 0.4446178933
0.4285714286 	  1.804878049 	 0.3443312551
0.4285714286 	  1.853658537 	 0.2517359596
0.4285714286 	  1.902439024 	 0.1647637532
0.4285714286 	  1.951219512 	 0.0814719384
0.4285714286 	            2 	            0
0.4761904762 	            0 	          100
0.4761904762 	 0.0487804878 	  90.45011373
0.4761904762 	 0.09756097561 	  81.11818927
0.4761904762 	 0.1463414634 	  72.19647223
0.4761904762 	 0.1951219512 	  63.83353485
0.4761904762 	  0.243902439 	  56.12725849
0.4761904762 	 0.2926829268 	  49.12725977
0.4761904762 	 0.3414634146 	  42.84306872
0.4761904762 	 0.3902439024 	   37.2544382
0.4761904762 	 0.4390243902 	  32.32128764
0.4761904762 	  0.487804878 	  27.99200542
0.4761904762 	 0.5365853659 	  24.20972813
0.4761904762 	 0.5853658537 	  20.91672415
0.4761904762 	 0.6341463415 	  18.05722581
0.4761904762 	 0.6829268293 	  15.57909707
0.4761904762 	 0.7317073171 	  13.43468153
0.4761904762 	 0.7804878049 	  11.58110461
0.4761904762 	 0.8292682927 	  9.980231777
0.4761904762 	 0.8780487805 	  8.598424743
0.4761904762 	 0.9268292683 	  7.406190544
0.4761904762 	 0.9756097561 	  6.377785058
0.4761904762 	  1.024390244 	  5.490809015
0.4761904762 	  1.073170732 	   4.72581884
0.4761904762 	   1.12195122 	  4.065964414
0.4761904762 	  1.170731707 	  3.496659327
0.4761904762 	  1.219512195 	  3.005285188
0.4761904762 	  1.268292683 	  2.580929206
0.4761904762 	  1.317073171 	  2.214152963
0.4761904762 	  1.365853659 	  1.896789663
0.4761904762 	  1.414634146 	  1.621766908
0.4761904762 	  1.463414634 	  1.382952061
0.4761904762 	  1.512195122 	  1.175017418
0.4761904762 	   1.56097561 	 0.9933225805
0.4761904762 	  1.609756098 	 0.8338116926
0.4761904762 	  1.658536585 	 0.6929234146
0.4761904762 	  1.707317073 	 0.5675117389
0.4761904762 	  1.756097561 	 0.4547759514
0.4761904762 	  1.804878049 	  0.352198222
0.4761904762 	  1.853658537 	 0.2574874596
0.4761904762 	  1.902439024 	 0.1685281971
0.4761904762 	  1.951219512 	 0.0833333785
0.4761904762 	            2 	            0
0.5238095238 	            0 	          100
0.5238095238 	 0.0487804878 	  90.45011373
0.5238095238 	 0.09756097561 	  81.11818927
0.5238095238 	 0.1463414634 	  72.19647223
0.5238095238 	 0.1951219512 	  63.83353485
0.5238095238 	  0.243902439 	  56.12725849
0.5238095238 	 0.2926829268 	  49.12725977
0.5238095238 	 0.3414634146 	  42.84306872
0.5238095238 	 0.3902439024 	   37.2544382
0.5238095238 	 0.4390243902 	  32.32128764
0.5238095238 	  0.487804878 	  27.99200542
0.5238095238 	 0.5365853659 	  24.20972813
0.5238095238 	 0.5853658537 	  20.91672415
0.5238095238 	 0.6341463415 	  18.05722581
0.5238095238 	 0.6829268293 	  15.57909707
0.5238095238 	 0.7317073171 	  13.43468153
0.5238095238 	 0.7804878049 	  11.58110461
0.5238095238 	 0.8292682927 	  9.980231777
0.5238095238 	 0.8780487805 	  8.598424743
0.5238095238 	 0.9268292683 	  7.406190544
0.5238095238 	 0.9756097561 	  6.377785058
0.5238095238 	  1.024390244 	  5.490809015
0.5238095238 	  1.073170732 	   4.72581884
0.5238095238 	   1.12195122 	  4.065964414
0.5238095238 	  1.170731707 	  3.496659327
0.5238095238 	  1.219512195 	  3.005285188
0.5238095238 	  1.268292683 	  2.580929206
0.5238095238 	  1.317073171 	  2.214152963
0.5238095238 	  1.365853659 	  1.896789663
0.5238095238 	  1.414634146 	  1.621766908
0.5238095238 	  1.463414634 	  1.382952061
0.5238095238 	  1.512195122 	  1.175017418
0.5238095238 	   1.56097561 	 0.9933225805
0.5238095238 	  1.609756098 	 0.8338116926
0.5238095238 	  1.658536585 	 0.6929234146
0.5238095238 	  1.707317073 	 0.5675117389
0.5238095238 	  1.756097561 	 0.4547759514
0.5238095238 	  1.804878049 	  0.352198222
0.5238095238 	  1.853658537 	 0.2574874596
0.5238095238 	  1.902439024 	 0.1685281971
0.5238095238 	  1.951219512 	 0.0833333785
0.5238095238 	            2 	            0
0.5714285714 	            0 	          100
0.5714285714 	 0.0487804878 	  90.23215191
0.5714285714 	 0.09756097561 	  80.70798185
0.5714285714 	 0.1463414634 	  71.63769257
0.5714285714 	 0.1951219512 	  63.17687382
0.5714285714 	  0.243902439 	  55.42098085
0.5714285714 	 0.2926829268 	  48.41145209
0.5714285714 	 0.3414634146 	   42.1475082
0.5714285714 	 0.3902439024 	  36.59895824
0.5714285714 	 0.4390243902 	  31.71741931
0.5714285714 	  0.487804878 	  27.44500048
0.5714285714 	 0.5365853659 	  23.72045482
0.5714285714 	 0.5853658537 	  20.48321852
0.5714285714 	 0.6341463415 	  17.67585622
0.5714285714 	 0.6829268293 	  15.24538385
0.5714285714 	 0.7317073171 	  13.14384293
0.5714285714 	 0.7804878049 	  11.32840052
0.5714285714 	 0.8292682927 	  9.761165977
0.5714285714 	 0.8780487805 	  8.408851909
0.5714285714 	 0.9268292683 	  7.242361831
0.5714285714 	 0.9756097561 	  6.236355615
0.5714285714 	  1.024390244 	  5.368823147
0.5714285714 	  1.073170732 	   4.62068309
0.5714285714 	   1.12195122 	  3.975415074
0.5714285714 	  1.170731707 	   3.41872838
0.5714285714 	  1.219512195 	  2.938267032
0.5714285714 	  1.268292683 	  2.523349466
0.5714285714 	  1.317073171 	  2.164740019
0.5714285714 	  1.365853659 	  1.854449119
0.5714285714 	  1.414634146 	  1.585558999
0.5714285714 	  1.463414634 	  1.352071857
0.5714285714 	  1.512195122 	  1.148777613
0.5714285714 	   1.56097561 	  0.971138631
0.5714285714 	  1.609756098 	 0.8151890827
0.5714285714 	  1.658536585 	 0.6774468124
0.5714285714 	  1.707317073 	 0.5548358507
0.5714285714 	  1.756097561 	 0.4446178933
0.5714285714 	  1.804878049 	 0.3443312551
0.5714285714 	  1.853658537 	 0.2517359596
0.5714285714 	  1.902439024 	 0.1647637532
0.5714285714 	  1.951219512 	 0.0814719384
0.5714285714 	            2 	            0
 0.619047619 	            0 	          100
 0.619047619 	 0.0487804878 	  89.77051207
 0.619047619 	 0.09756097561 	  79.84389365
 0.619047619 	 0.1463414634 	  70.46944237
 0.619047619 	 0.1951219512 	  61.81528703
 0.619047619 	  0.243902439 	  53.96833902
 0.619047619 	 0.2926829268 	  46.95005954
 0.619047619 	 0.3414634146 	  40.73655373
 0.619047619 	 0.3902439024 	  35.27646725
 0.619047619 	 0.4390243902 	  30.50443087
 0.619047619 	  0.487804878 	  26.35012238
 0.619047619 	 0.5365853659 	  22.74387215
 0.619047619 	 0.5853658537 	  19.61983889
 0.619047619 	 0.6341463415 	  16.91759669
 0.619047619 	 0.6829268293 	   14.5827392
 0.619047619 	 0.7317073171 	   12.5669058
 0.619047619 	 0.7804878049 	  10.82748856
 0.619047619 	 0.8292682927 	  9.327179703
 0.619047619 	 0.8780487805 	  8.033455085
 0.619047619 	 0.9268292683 	  6.918049256
 0.619047619 	 0.9756097561 	  5.956452423
 0.619047619 	  1.024390244 	  5.127444869
 0.619047619 	  1.073170732 	    4.4126753
 0.619047619 	   1.12195122 	  3.796284414
 0.619047619 	  1.170731707 	  3.264572085
 0.619047619 	  1.219512195 	  2.805705092
 0.619047619 	  1.268292683 	  2.409461608
 0.619047619 	  1.317073171 	  2.067008529
 0.619047619 	  1.365853659 	  1.770707795
 0.619047619 	  1.414634146 	  1.513948111
 0.619047619 	  1.463414634 	  1.290998757
 0.619047619 	  1.512195122 	  1.096882544
 0.619047619 	   1.56097561 	 0.9272652481
 0.619047619 	  1.609756098 	 0.7783591948
 0.619047619 	  1.658536585 	 0.6468389015
 0.619047619 	  1.707317073 	 0.5297669581
 0.619047619 	  1.756097561 	  0.424528516
 0.619047619 	  1.804878049 	 0.3287729455
 0.619047619 	  1.853658537 	 0.2403613704
 0.619047619 	  1.902439024 	 0.1573189178
 0.619047619 	  1.951219512 	 0.07779062192
 0.619047619 	            2 	            0
0.6666666667 	            0 	          100
0.6666666667 	 0.0487804878 	  89.00600272
0.6666666667 	 0.09756097561 	  78.42763831
0.6666666667 	 0.1463414634 	  68.58089623
0.6666666667 	 0.1951219512 	  59.64649291
0.6666666667 	  0.243902439 	  51.68702864
0.6666666667 	 0.2926829268 	  44.68389332
0.6666666667 	 0.3414634146 	  38.57217996
0.6666666667 	 0.3902439024 	  33.26592614
0.6666666667 	 0.4390243902 	  28.67371456
0.6666666667 	  0.487804878 	    24.707186
0.6666666667 	 0.5365853659 	  21.28507253
0.6666666667 	 0.5853658537 	  18.33466819
0.6666666667 	 0.6341463415 	  15.79195244
0.6666666667 	 0.6829268293 	  13.60107045
0.6666666667 	 0.7317073171 	   11.7135525
0.6666666667 	 0.7804878049 	  10.08746824
0.6666666667 	 0.8292682927 	  8.686609186
0.6666666667 	 0.8780487805 	  7.479739471
0.6666666667 	 0.9268292683 	  6.439927686
0.6666666667 	 0.9756097561 	  5.543959952
0.6666666667 	  1.024390244 	  4.771828604
0.6666666667 	  1.073170732 	  4.106288829
0.6666666667 	   1.12195122 	  3.532475196
0.6666666667 	  1.170731707 	  3.037570455
0.6666666667 	  1.219512195 	  2.610519645
0.6666666667 	  1.268292683 	  2.241783346
0.6666666667 	  1.317073171 	  1.923124692
0.6666666667 	  1.365853659 	  1.647425423
0.6666666667 	  1.414634146 	  1.408526893
0.6666666667 	  1.463414634 	  1.201092517
0.6666666667 	  1.512195122 	  1.020488557
0.6666666667 	   1.56097561 	 0.8626806228
0.6666666667 	  1.609756098 	  0.724143547
0.6666666667 	  1.658536585 	 0.6017826408
0.6666666667 	  1.707317073 	 0.4928645641
0.6666666667 	  1.756097561 	 0.3949562672
0.6666666667 	  1.804878049 	 0.3058706406
0.6666666667 	  1.853658537 	 0.2236176586
0.6666666667 	  1.902439024 	 0.1463599256
0.6666666667 	  1.951219512 	 0.07237163148
0.6666666667 	            2 	            0
0.7142857143 	            0 	          100
0.7142857143 	 0.0487804878 	  87.82586052
0.7142857143 	 0.09756097561 	  76.27976063
0.7142857143 	 0.1463414634 	  65.78001132
0.7142857143 	 0.1951219512 	  56.50275973
0.7142857143 	  0.243902439 	  48.44938931
0.7142857143 	 0.2926829268 	  41.52630516
0.7142857143 	 0.3414634146 	  35.60234663
0.7142857143 	 0.3902439024 	  30.54134279
0.7142857143 	 0.4390243902 	  26.21731522
0.7142857143 	  0.487804878 	  22.51983454
0.7142857143 	 0.5365853659 	  19.35456377
0.7142857143 	 0.5853658537 	   16.6418089
0.7142857143 	 0.6341463415 	  14.31447444
0.7142857143 	 0.6829268293 	  12.31603766
0.7142857143 	 0.7317073171 	  10.59876552
0.7142857143 	 0.7804878049 	  9.122222704
0.7142857143 	 0.8292682927 	  7.852049329
0.7142857143 	 0.8780487805 	  6.758965927
0.7142857143 	 0.9268292683 	  5.817962066
0.7142857143 	 0.9756097561 	  5.007631094
0.7142857143 	  1.024390244 	  4.309620768
0.7142857143 	  1.073170732 	  3.708176214
0.7142857143 	   1.12195122 	  3.189757085
0.7142857143 	  1.170731707 	  2.742714896
0.7142857143 	  1.219512195 	  2.357019685
0.7142857143 	  1.268292683 	  2.024027437
0.7142857143 	  1.317073171 	  1.736281472
0.7142857143 	  1.365853659 	   1.48734231
0.7142857143 	  1.414634146 	  1.271641523
0.7142857143 	  1.463414634 	  1.084355859
0.7142857143 	  1.512195122 	 0.9212985446
0.7142857143 	   1.56097561 	 0.7788251392
0.7142857143 	  1.609756098 	 0.6537517295
0.7142857143 	  1.658536585 	 0.5432835506
0.7142857143 	  1.707317073 	 0.4449523904
0.7142857143 	  1.756097561 	 0.3565613481
0.7142857143 	  1.804878049 	  0.276135691
0.7142857143 	  1.853658537 	 0.2018786979
0.7142857143 	  1.902439024 	 0.1321314946
0.7142857143 	  1.951219512 	 0.06533597839
0.7142857143 	            2 	            0
0.7619047619 	            0 	          100
0.7619047619 	 0.0487804878 	  86.01767872
0.7619047619 	 0.09756097561 	  73.08553237
0.7619047619 	 0.1463414634 	   61.7566287
0.7619047619 	 0.1951219512 	  52.13514539
0.7619047619 	  0.243902439 	  44.08146372
0.7619047619 	 0.2926829268 	  37.36959136
0.7619047619 	 0.3414634146 	  31.76955861
0.7619047619 	 0.3902439024 	  27.07978318
0.7619047619 	 0.4390243902 	  23.13436899
0.7619047619 	  0.487804878 	  19.80027316
0.7619047619 	 0.5365853659 	  16.97153912
0.7619047619 	 0.5853658537 	   14.5635292
0.7619047619 	 0.6341463415 	  12.50809876
0.7619047619 	 0.6829268293 	  10.74984023
0.7619047619 	 0.7317073171 	  9.243249224
0.7619047619 	 0.7804878049 	  7.950607725
0.7619047619 	 0.8292682927 	  6.840399501
0.7619047619 	 0.8780487805 	  5.886112842
0.7619047619 	 0.9268292683 	  5.065323556
0.7619047619 	 0.9756097561 	  4.358981591
0.7619047619 	  1.024390244 	  3.750847158
0.7619047619 	  1.073170732 	  3.227038176
0.7619047619 	   1.12195122 	  2.775662033
0.7619047619 	  1.170731707 	  2.386512358
0.7619047619 	  1.219512195 	  2.050816763
0.7619047619 	  1.268292683 	  1.761025246
0.7619047619 	  1.317073171 	  1.510631448
0.7619047619 	  1.365853659 	  1.294020822
0.7619047619 	  1.414634146 	  1.106341028
0.7619047619 	  1.463414634 	 0.9433908525
0.7619047619 	  1.512195122 	 0.8015246234
0.7619047619 	   1.56097561 	 0.6775696597
0.7619047619 	  1.609756098 	 0.5687546813
0.7619047619 	  1.658536585 	 0.4726474417
0.7619047619 	  1.707317073 	 0.3871000986
0.7619047619 	  1.756097561 	 0.3102010438
0.7619047619 	  1.804878049 	 0.2402320775
0.7619047619 	  1.853658537 	 0.1756299474
0.7619047619 	  1.902439024 	 0.1149513764
0.7619047619 	  1.951219512 	 0.05684078751
0.7619047619 	            2 	            0
0.8095238095 	            0 	          100
0.8095238095 	 0.0487804878 	  83.15932199
0.8095238095 	 0.09756097561 	  68.28806142
0.8095238095 	 0.1463414634 	  56.02582574
0.8095238095 	 0.1951219512 	   46.1997294
0.8095238095 	  0.243902439 	  38.37172882
0.8095238095 	 0.2926829268 	  32.10103796
0.8095238095 	 0.3414634146 	  27.02651328
0.8095238095 	 0.3902439024 	  22.87386234
0.8095238095 	 0.4390243902 	   19.4401044
0.8095238095 	  0.487804878 	     16.57535
0.8095238095 	 0.5365853659 	  14.16779033
0.8095238095 	 0.5853658537 	  12.13267002
0.8095238095 	 0.6341463415 	  10.40455118
0.8095238095 	 0.6829268293 	  8.931975265
0.8095238095 	 0.7317073171 	  7.673783419
0.8095238095 	 0.7804878049 	  6.596559471
0.8095238095 	 0.8292682927 	  5.672828107
0.8095238095 	 0.8780487805 	  4.879762386
0.8095238095 	 0.9268292683 	  4.198237724
0.8095238095 	 0.9756097561 	  3.612124556
0.8095238095 	  1.024390244 	  3.107748099
0.8095238095 	  1.073170732 	  2.673467297
0.8095238095 	   1.12195122 	  2.299340514
0.8095238095 	  1.170731707 	  1.976855739
0.8095238095 	  1.219512195 	  1.698709764
0.8095238095 	  1.268292683 	  1.458625336
0.8095238095 	  1.317073171 	  1.251198253
0.8095238095 	  1.365853659 	  1.071768501
0.8095238095 	  1.414634146 	 0.9163109158
0.8095238095 	  1.463414634 	 0.7813418995
0.8095238095 	  1.512195122 	 0.6638394366
0.8095238095 	   1.56097561 	 0.5611741949
0.8095238095 	  1.609756098 	 0.4710498944
0.8095238095 	  1.658536585 	 0.3914514363
0.8095238095 	  1.707317073 	 0.3205995187
0.8095238095 	  1.756097561 	 0.2569106509
0.8095238095 	  1.804878049 	 0.1989616277
0.8095238095 	  1.853658537 	  0.145457638
0.8095238095 	  1.902439024 	 0.09520327593
0.8095238095 	  1.951219512 	 0.04707579529
0.8095238095 	            2 	            0
0.8571428571 	            0 	          100
0.8571428571 	 0.0487804878 	  78.33154781
0.8571428571 	 0.09756097561 	  60.88156559
0.8571428571 	 0.1463414634 	  47.85888343
0.8571428571 	 0.1951219512 	  38.26621765
0.8571428571 	  0.243902439 	  31.10468421
0.8571428571 	 0.2926829268 	  25.63631836
0.8571428571 	 0.3414634146 	  21.36159421
0.8571428571 	 0.3902439024 	   17.9490485
0.8571428571 	 0.4390243902 	  15.17683625
0.8571428571 	  0.487804878 	  12.89323211
0.8571428571 	 0.5365853659 	  10.99160219
0.8571428571 	 0.5853658537 	  9.394809374
0.8571428571 	 0.6341463415 	  8.045460676
0.8571428571 	 0.6829268293 	  6.899726232
0.8571428571 	 0.7317073171 	  5.923349716
0.8571428571 	 0.7804878049 	  5.089018634
0.8571428571 	 0.8292682927 	  4.374591068
0.8571428571 	 0.8780487805 	   3.76187087
0.8571428571 	 0.9268292683 	  3.235740399
0.8571428571 	 0.9756097561 	   2.78353081
0.8571428571 	  1.024390244 	  2.394553385
0.8571428571 	  1.073170732 	  2.059742398
0.8571428571 	   1.12195122 	  1.771376988
0.8571428571 	  1.170731707 	  1.522860319
0.8571428571 	  1.219512195 	  1.308541219
0.8571428571 	  1.268292683 	   1.12356808
0.8571428571 	  1.317073171 	 0.9637677264
0.8571428571 	  1.365853659 	 0.8255440134
0.8571428571 	  1.414634146 	 0.7057922347
0.8571428571 	  1.463414634 	  0.601826393
0.8571428571 	  1.512195122 	 0.5113170288
0.8571428571 	   1.56097561 	  0.432237789
0.8571428571 	  1.609756098 	  0.362819265
0.8571428571 	  1.658536585 	 0.3015088905
0.8571428571 	  1.707317073 	 0.2469358888
0.8571428571 	  1.756097561 	 0.1978804133
0.8571428571 	  1.804878049 	 0.1532461446
0.8571428571 	  1.853658537 	 0.1120357009
0.8571428571 	  1.902439024 	 0.07332829406
0.8571428571 	  1.951219512 	 0.0362591177
0.8571428571 	            2 	            0
0.9047619048 	            0 	          100
0.9047619048 	 0.0487804878 	  69.28530365
0.9047619048 	 0.09756097561 	  49.04776969
0.9047619048 	 0.1463414634 	  36.26192475
0.9047619048 	 0.1951219512 	  27.90157355
0.9047619048 	  0.243902439 	  22.14447201
0.9047619048 	 0.2926829268 	  17.97795706
0.9047619048 	 0.3414634146 	   14.8344967
0.9047619048 	 0.3902439024 	  12.38390119
0.9047619048 	 0.4390243902 	  10.42496001
0.9047619048 	  0.487804878 	  8.829139994
0.9047619048 	 0.5365853659 	   7.51057695
0.9047619048 	 0.5853658537 	  6.409504606
0.9047619048 	 0.6341463415 	  5.482755917
0.9047619048 	 0.6829268293 	  4.698119272
0.9047619048 	 0.7317073171 	  4.030870579
0.9047619048 	 0.7804878049 	  3.461574282
0.9047619048 	 0.8292682927 	  2.974646663
0.9047619048 	 0.8780487805 	  2.557389627
0.9047619048 	 0.9268292683 	   2.19932219
0.9047619048 	 0.9756097561 	    1.8917049
0.9047619048 	  1.024390244 	  1.627192235
0.9047619048 	  1.073170732 	   1.39957192
0.9047619048 	   1.12195122 	  1.203564723
0.9047619048 	  1.170731707 	   1.03466733
0.9047619048 	  1.219512195 	 0.8890267137
0.9047619048 	  1.268292683 	 0.7633380376
0.9047619048 	  1.317073171 	 0.6547605597
0.9047619048 	  1.365853659 	 0.5608475915
0.9047619048 	  1.414634146 	 0.4794876165
0.9047619048 	  1.463414634 	  0.408854409
0.9047619048 	  1.512195122 	 0.3473644965
0.9047619048 	   1.56097561 	 0.2936406672
0.9047619048 	  1.609756098 	 0.2464804862
0.9047619048 	  1.658536585 	  0.204828972
0.9047619048 	  1.707317073 	 0.1677547328
0.9047619048 	  1.756097561 	 0.1344289691
0.9047619048 	  1.804878049 	 0.1041068364
0.9047619048 	  1.853658537 	  0.076110727
0.9047619048 	  1.902439024 	 0.0498150817
0.9047619048 	  1.951219512 	 0.02463238146
0.9047619048 	            2 	            0
0.9523809524 	            0 	          100
0.9523809524 	 0.0487804878 	  49.76189711
0.9523809524 	 0.09756097561 	  29.76228478
0.9523809524 	 0.1463414634 	  20.23947233
0.9523809524 	 0.1951219512 	  14.93367978
0.9523809524 	  0.243902439 	  11.59367324
0.9523809524 	 0.2926829268 	  9.296541162
0.9523809524 	 0.3414634146 	   7.61453435
0.9523809524 	 0.3902439024 	  6.327099538
0.9523809524 	 0.4390243902 	  5.309962613
0.9523809524 	  0.487804878 	  4.487790904
0.9523809524 	 0.5365853659 	  3.812061009
0.9523809524 	 0.5853658537 	  3.249876182
0.9523809524 	 0.6341463415 	  2.777939114
0.9523809524 	 0.6829268293 	  2.379124358
0.9523809524 	 0.7317073171 	  2.040439047
0.9523809524 	 0.7804878049 	  1.751761251
0.9523809524 	 0.8292682927 	  1.505031674
0.9523809524 	 0.8780487805 	  1.293718784
0.9523809524 	 0.9268292683 	  1.112453835
0.9523809524 	 0.9756097561 	  0.956774367
0.9523809524 	  1.024390244 	  0.822938732
0.9523809524 	  1.073170732 	 0.7077883263
0.9523809524 	   1.12195122 	  0.608642653
0.9523809524 	  1.170731707 	 0.5232175627
0.9523809524 	  1.219512195 	 0.4495602685
0.9523809524 	  1.268292683 	 0.3859967974
0.9523809524 	  1.317073171 	 0.3310888834
0.9523809524 	  1.365853659 	 0.2835981764
0.9523809524 	  1.414634146 	 0.2424562308
0.9523809524 	  1.463414634 	 0.2067391302
0.9523809524 	  1.512195122 	  0.175645881
0.9523809524 	   1.56097561 	 0.1484798971
0.9523809524 	  1.609756098 	 0.1246330404
0.9523809524 	  1.658536585 	 0.1035717784
0.9523809524 	  1.707317073 	 0.08482510124
0.9523809524 	  1.756097561 	 0.06797389377
0.9523809524 	  1.804878049 	 0.05264150479
0.9523809524 	  1.853658537 	 0.03848528902
0.9523809524 	  1.902439024 	 0.02518892429
0.9523809524 	  1.951219512 	 0.01245532644
0.9523809524 	            2 	            0
           1 	            0 	          100
           1 	 0.0487804878 	            0
           1 	 0.09756097561 	            0
           1 	 0.1463414634 	            0
           1 	 0.1951219512 	            0
           1 	  0.243902439 	            0
           1 	 0.2926829268 	            0
           1 	 0.3414634146 	            0
           1 	 0.3902439024 	            0
           1 	 0.4390243902 	            0
           1 	  0.487804878 	            0
           1 	 0.5365853659 	            0
           1 	 0.5853658537 	            0
           1 	 0.6341463415 	            0
           1 	 0.6829268293 	            0
           1 	 0.7317073171 	            0
           1 	 0.7804878049 	            0
           1 	 0.8292682927 	            0
           1 	 0.8780487805 	            0
           1 	 0.9268292683 	            0
           1 	 0.9756097561 	            0
           1 	  1.024390244 	            0
           1 	  1.073170732 	            0
           1 	   1.12195122 	            0
           1 	  1.170731707 	            0
           1 	  1.219512195 	            0
           1 	  1.268292683 	            0
           1 	  1.317073171 	            0
           1 	  1.365853659 	            0
           1 	  1.414634146 	            0
           1 	  1.463414634 	            0
           1 	  1.512195122 	            0
           1 	   1.56097561 	            0
           1 	  1.609756098 	            0
           1 	  1.658536585 	            0
           1 	  1.707317073 	            0
           1 	  1.756097561 	            0
           1 	  1.804878049 	            0
           1 	  1.853658537 	            0
           1 	  1.902439024 	            0
           1 	  1.951219512 	            0
           1 	            2 	            0
